20838
20501
50593
50594
124133
30731
51230
124153
20498
21824
20681
22061
124131
20485
51419
20475
20493
20677
156236
20849
50388
51320
22048
20280
20334
50447
20507
20459
51496
50427
50453
20841
30720
51482
22126
123960
50718
155519
22130
22143
21989
20873
20724
50671
51234
156703
21847
30744
124127
20380
156245
22116
22241
50601
51395
50602
22194
22275
22201
20816
20500
30724
50460
50459
20725
42044
51433
51412
50774
50771
50768
50777
99986
99987
21871
20783
20287
20275
20340
30729
22273
22252
20702
50455
51488
20804
124128
51237
20781
22038
20685
22271
20347
51073
51078
51079
51463
23833
30718
51294
124135
47202
22202
124130
51229
51241
156244
51224
20283
51400
50410
21865
20288
20393
20389
20278
22226
20402
159923
51452
171907
51231
20670
20405
20259
21826
50489
20472
124136
51464
23834
20482
50599
50600
20505
20824
156884
50480
22204
20716
20387
20675
42041
42043
42042
42038
20282
50439
20430
51415
99984
51384
20707
22065
20448
22187
50440
21966
21975
21979
51333
22052
51277
156246
20843
123964
51350
20726
20720
20715
156704
48120
48121
50662
50484
20736
51000
51001
51002
51003
51004
51005
50996
50997
50999
50991
50992
50993
50358
155522
51236
156705
51428
20722
47216
156238
21877
50516
20510
99988
99989
20246
21863
48119
20842
156706
169444
20758
51407
20286
50486
156707
50448
51434
20464
22237
50432
20476
20484
17623
20780
20713
51423
100001
100004
100003
100000
100002
51396
51398
50624
50629
50633
51145
51146
51148
51091
51093
51140
51141
51142
51144
50457
22027
124129
51149
51156
51157
156240
54430
22213
22195
123961
20487
22196
51401
20277
50437
20878
100005
100009
100006
100007
100008
50498
47212
51171
51172
51507
124152
124146
51165
51167
51169
20679
30726
51233
50445
50449
50456
20503
21850
20255
51427
193844
20683
20704
50512
28212
28217
3830
28209
28224
28221
28211
3833
28219
3826
28216
28210
28215
3820
3822
28214
3827
3823
3825
28220
28218
51335
50392
51280
20703
20730
20710
20489
22255
51424
20680
20357
22050
51328
22235
51316
20893
51477
50742
50743
50744
50737
50738
50739
50727
50731
50734
20822
20823
50500
20382
50504
50389
20480
51408
50654
20721
20771
51348
51417
39026
39027
39028
54495
51238
69982
69983
69984
69985
69986
69987
69988
69989
69990
69991
69992
69993
69994
69995
69996
69997
69998
69999
70000
70001
70002
70004
70003
70005
70006
70007
70008
70009
70010
70011
70012
70013
20773
50434
51441
51421
20723
22017
51460
171909
171908
50502
20678
51265
20802
155521
156708
20358
20368
20457
20312
156709
47189
100023
100022
100020
100024
100021
100027
100028
100026
100025
100029
20351
51322
20857
156241
50481
20371
22272
20768
156242
156243
99992
47204
21874
22216
103170
103171
103169
23734
22215
51420
50413
47206
20401
22042
124137
20776
51268
20712
20717
20673
20422
156710
156711
156712
50458
51504
51505
51506
99990
156239
20766
156885
159924
20682
20374
50597
50598
22047
20779
21860
50732
50761
50762
51286
155520
51429
50763
50487
22054
50386
51339
51501
51502
51503
22045
22046
20684
20856
20349
51344
22141
20708
20417
51228
3829
22188
3832
3831
3819
22062
20483
50765
20839
99993
22199
22210
20509
22258
22059
22225
22233
22238
50702
20799
50495
124132
20782
146434
20828
54472
169446
169494
171910
51283
48118
48122
48123
51083
51084
51085
20260
22198
20315
50454
30722
124134
21857
50451
20869
20377
22192
22189
22191
22190
20883
20860
50493
47199
50407
50431
48117
51080
51081
51082
20889
149303
20506
20672
20281
21958
22207
22249
51447
22245
54479
22040
51357
51404
50576
50577
50578
124138
51336
50520
20890
30740
50483
50436
123963
50425
20276
47575
50452
50675
51162
51163
51164
20831
50442
50438
20289
20290
51235
51318
51325
22014
47213
51337
20398
20330
47208
20376
20395
51332
20263
22254
137195
137196
137197
137198
137199
137200
137201
3821
99980
99982
99981
99983
51492
22277
20709
50430
20460
42045
21854
156237
51226
20763
20718
20727
51240
53742
53743
53744
53745
53746
53747
53748
53749
53750
53751
53752
53753
53754
53755
53756
53757
53758
53759
53760
51425
20891
22253
30712
20705
20669
20414
50387
50443
50391
22230
20864
20701
22057
22039
20308
3824
51056
51059
51062
3828
20284
51414
20853
20674
50497
20835
22227
50405
99991
124140
22110
22212
50390
22224
21948
51406
20504
21830
99994
21828
22056
54486
22274
20666
20431
21869
20462
51225
30738
171912
20762
20719
20714
20461
51227
22049
155523
20458
50503
20855
20892
20667
20432
21827
20355
20279
51271
124139
50399
57286
50396
47192
22044
20412
21825
20384
20379
20424
20420
20668
51064
51066
51069
51086
51087
51089
50591
50592
157703
20490
20850
171913
20410
51239
20794
20800
20859
30735
4910
51223
51430
20858
135322
137600
137593
137597
137595
137594
137598
137599
137596
51327
51222
22142
50485
99995
99996
99997
99998
99999
100017
100019
100018
100015
100016
100013
100011
100010
100012
50461
100014
51221
123962
54417
156886
51232
22091
54492
2220
4568
20854
20285
22051
50450
50510
51158
51160
51161
50590
51440
20706
99985
22053
50446
20352
20711
22060
20508
50519
50514
22228
169441
169442
169443
50508
22193
23550
23551
51462
23838
169445
124141
50707
50710
50715
20757
171914
50506
20747
22055
171920
20265
50693
50433
50595
50596
51471
20801
20803
50415
51442
51356
51410
51354
20745
22214
23730
23731
21829
20676
