20838
20838
20501
20501
50593
50593
50594
50594
124133
124133
30731
30731
51230
51230
124153
124153
20498
20498
21824
21824
20681
20681
22061
22061
124131
124131
20485
20485
51419
51419
20475
20475
20493
20493
20677
20677
156236
156236
20849
20849
50388
50388
51320
51320
22048
22048
20280
20280
20334
20334
50447
50447
20507
20507
20459
20459
51496
51496
50427
50427
50453
50453
20841
20841
30720
30720
51482
51482
22126
22126
123960
123960
50718
50718
155519
155519
22130
22130
22143
22143
21989
21989
20873
20873
20724
20724
50671
50671
51234
51234
156703
156703
21847
21847
30744
30744
124127
124127
20380
20380
156245
156245
22116
22116
22241
22241
50601
50601
51395
51395
50602
50602
22194
22194
22275
22275
22201
22201
20816
20816
20500
20500
30724
30724
50460
50460
50459
50459
20725
20725
42044
42044
51433
51433
51412
51412
50774
50774
50771
50771
50768
50768
50777
50777
99986
99986
99987
99987
21871
21871
20783
20783
20287
20287
20275
20275
20340
20340
30729
30729
22273
22273
22252
22252
20702
20702
50455
50455
51488
51488
20804
20804
124128
124128
51237
51237
20781
20781
22038
22038
20685
20685
22271
22271
20347
20347
51073
51073
51078
51078
51079
51079
51463
51463
23833
23833
30718
30718
51294
51294
124135
124135
47202
47202
22202
22202
124130
124130
51229
51229
51241
51241
156244
156244
51224
51224
20283
20283
51400
51400
50410
50410
21865
21865
20288
20288
20393
20393
20389
20389
20278
20278
22226
22226
20402
20402
159923
159923
51452
51452
171907
171907
51231
51231
20670
20670
20405
20405
20259
20259
21826
21826
50489
50489
20472
20472
124136
124136
51464
51464
23834
23834
20482
20482
50599
50599
50600
50600
20505
20505
20824
20824
156884
156884
50480
50480
22204
22204
20716
20716
20387
20387
20675
20675
42041
42041
42043
42043
42042
42042
42038
42038
20282
20282
50439
50439
20430
20430
51415
51415
99984
99984
51384
51384
20707
20707
22065
22065
20448
20448
22187
22187
50440
50440
21966
21966
21975
21975
21979
21979
51333
51333
22052
22052
51277
51277
156246
156246
20843
20843
123964
123964
51350
51350
20726
20726
20720
20720
20715
20715
156704
156704
48120
48120
48121
48121
50662
50662
50484
50484
20736
20736
51000
51000
51001
51001
51002
51002
51003
51003
51004
51004
51005
51005
50996
50996
50997
50997
50999
50999
50991
50991
50992
50992
50993
50993
50358
50358
155522
155522
51236
51236
156705
156705
51428
51428
20722
20722
47216
47216
156238
156238
21877
21877
50516
50516
20510
20510
99988
99988
99989
99989
20246
20246
21863
21863
48119
48119
20842
20842
156706
156706
169444
169444
20758
20758
51407
51407
20286
20286
50486
50486
156707
156707
50448
50448
51434
51434
20464
20464
22237
22237
50432
50432
20476
20476
20484
20484
17623
17623
20780
20780
20713
20713
51423
51423
100001
100001
100004
100004
100003
100003
100000
100000
100002
100002
51396
51396
51398
51398
50624
50624
50629
50629
50633
50633
51145
51145
51146
51146
51148
51148
51091
51091
51093
51093
51140
51140
51141
51141
51142
51142
51144
51144
50457
50457
22027
22027
124129
124129
51149
51149
51156
51156
51157
51157
156240
156240
54430
54430
22213
22213
22195
22195
123961
123961
20487
20487
22196
22196
51401
51401
20277
20277
50437
50437
20878
20878
100005
100005
100009
100009
100006
100006
100007
100007
100008
100008
50498
50498
47212
47212
51171
51171
51172
51172
51507
51507
124152
124152
124146
124146
51165
51165
51167
51167
51169
51169
20679
20679
30726
30726
51233
51233
50445
50445
50449
50449
50456
50456
20503
20503
21850
21850
20255
20255
51427
51427
193844
193844
20683
20683
20704
20704
50512
50512
28212
28212
28217
28217
3830
3830
28209
28209
28224
28224
28221
28221
28211
28211
3833
3833
28219
28219
3826
3826
28216
28216
28210
28210
28215
28215
3820
3820
3822
3822
28214
28214
3827
3827
3823
3823
3825
3825
28220
28220
28218
28218
51335
51335
50392
50392
51280
51280
20703
20703
20730
20730
20710
20710
20489
20489
22255
22255
51424
51424
20680
20680
20357
20357
22050
22050
51328
51328
22235
22235
51316
51316
20893
20893
51477
51477
50742
50742
50743
50743
50744
50744
50737
50737
50738
50738
50739
50739
50727
50727
50731
50731
50734
50734
20822
20822
20823
20823
50500
50500
20382
20382
50504
50504
50389
50389
20480
20480
51408
51408
50654
50654
20721
20721
20771
20771
51348
51348
51417
51417
39026
39026
39027
39027
39028
39028
54495
54495
51238
51238
69982
69982
69983
69983
69984
69984
69985
69985
69986
69986
69987
69987
69988
69988
69989
69989
69990
69990
69991
69991
69992
69992
69993
69993
69994
69994
69995
69995
69996
69996
69997
69997
69998
69998
69999
69999
70000
70000
70001
70001
70002
70002
70004
70004
70003
70003
70005
70005
70006
70006
70007
70007
70008
70008
70009
70009
70010
70010
70011
70011
70012
70012
70013
70013
20773
20773
50434
50434
51441
51441
51421
51421
20723
20723
22017
22017
51460
51460
171909
171909
171908
171908
50502
50502
20678
20678
51265
51265
20802
20802
155521
155521
156708
156708
20358
20358
20368
20368
20457
20457
20312
20312
156709
156709
47189
47189
100023
100023
100022
100022
100020
100020
100024
100024
100021
100021
100027
100027
100028
100028
100026
100026
100025
100025
100029
100029
20351
20351
51322
51322
20857
20857
156241
156241
50481
50481
20371
20371
22272
22272
20768
20768
156242
156242
156243
156243
99992
99992
47204
47204
21874
21874
22216
22216
103170
103170
103171
103171
103169
103169
23734
23734
22215
22215
51420
51420
50413
50413
47206
47206
20401
20401
22042
22042
124137
124137
20776
20776
51268
51268
20712
20712
20717
20717
20673
20673
20422
20422
156710
156710
156711
156711
156712
156712
50458
50458
51504
51504
51505
51505
51506
51506
99990
99990
156239
156239
20766
20766
156885
156885
159924
159924
20682
20682
20374
20374
50597
50597
50598
50598
22047
22047
20779
20779
21860
21860
50732
50732
50761
50761
50762
50762
51286
51286
155520
155520
51429
51429
50763
50763
50487
50487
22054
22054
50386
50386
51339
51339
51501
51501
51502
51502
51503
51503
22045
22045
22046
22046
20684
20684
20856
20856
20349
20349
51344
51344
22141
22141
20708
20708
20417
20417
51228
51228
3829
3829
22188
22188
3832
3832
3831
3831
3819
3819
22062
22062
20483
20483
50765
50765
20839
20839
99993
99993
22199
22199
22210
22210
20509
20509
22258
22258
22059
22059
22225
22225
22233
22233
22238
22238
50702
50702
20799
20799
50495
50495
124132
124132
20782
20782
146434
146434
20828
20828
54472
54472
169446
169446
169494
169494
171910
171910
51283
51283
48118
48118
48122
48122
48123
48123
51083
51083
51084
51084
51085
51085
20260
20260
22198
22198
20315
20315
50454
50454
30722
30722
124134
124134
21857
21857
50451
50451
20869
20869
20377
20377
22192
22192
22189
22189
22191
22191
22190
22190
20883
20883
20860
20860
50493
50493
47199
47199
50407
50407
50431
50431
48117
48117
51080
51080
51081
51081
51082
51082
20889
20889
149303
149303
20506
20506
20672
20672
20281
20281
21958
21958
22207
22207
22249
22249
51447
51447
22245
22245
54479
54479
22040
22040
51357
51357
51404
51404
50576
50576
50577
50577
50578
50578
124138
124138
51336
51336
50520
50520
20890
20890
30740
30740
50483
50483
50436
50436
123963
123963
50425
50425
20276
20276
47575
47575
50452
50452
50675
50675
51162
51162
51163
51163
51164
51164
20831
20831
50442
50442
50438
50438
20289
20289
20290
20290
51235
51235
51318
51318
51325
51325
22014
22014
47213
47213
51337
51337
20398
20398
20330
20330
47208
47208
20376
20376
20395
20395
51332
51332
20263
20263
22254
22254
137195
137195
137196
137196
137197
137197
137198
137198
137199
137199
137200
137200
137201
137201
3821
3821
99980
99980
99982
99982
99981
99981
99983
99983
51492
51492
22277
22277
20709
20709
50430
50430
20460
20460
42045
42045
21854
21854
156237
156237
51226
51226
20763
20763
20718
20718
20727
20727
51240
51240
53742
53742
53743
53743
53744
53744
53745
53745
53746
53746
53747
53747
53748
53748
53749
53749
53750
53750
53751
53751
53752
53752
53753
53753
53754
53754
53755
53755
53756
53756
53757
53757
53758
53758
53759
53759
53760
53760
51425
51425
20891
20891
22253
22253
30712
30712
20705
20705
20669
20669
20414
20414
50387
50387
50443
50443
50391
50391
22230
22230
20864
20864
20701
20701
22057
22057
22039
22039
20308
20308
3824
3824
51056
51056
51059
51059
51062
51062
3828
3828
20284
20284
51414
51414
20853
20853
20674
20674
50497
50497
20835
20835
22227
22227
50405
50405
99991
99991
124140
124140
22110
22110
22212
22212
50390
50390
22224
22224
21948
21948
51406
51406
20504
20504
21830
21830
99994
99994
21828
21828
22056
22056
54486
54486
22274
22274
20666
20666
20431
20431
21869
21869
20462
20462
51225
51225
30738
30738
171912
171912
20762
20762
20719
20719
20714
20714
20461
20461
51227
51227
22049
22049
155523
155523
20458
20458
50503
50503
20855
20855
20892
20892
20667
20667
20432
20432
21827
21827
20355
20355
20279
20279
51271
51271
124139
124139
50399
50399
57286
57286
50396
50396
47192
47192
22044
22044
20412
20412
21825
21825
20384
20384
20379
20379
20424
20424
20420
20420
20668
20668
51064
51064
51066
51066
51069
51069
51086
51086
51087
51087
51089
51089
50591
50591
50592
50592
157703
157703
20490
20490
20850
20850
171913
171913
20410
20410
51239
51239
20794
20794
20800
20800
20859
20859
30735
30735
4910
4910
51223
51223
51430
51430
20858
20858
135322
135322
137600
137600
137593
137593
137597
137597
137595
137595
137594
137594
137598
137598
137599
137599
137596
137596
51327
51327
51222
51222
22142
22142
50485
50485
99995
99995
99996
99996
99997
99997
99998
99998
99999
99999
100017
100017
100019
100019
100018
100018
100015
100015
100016
100016
100013
100013
100011
100011
100010
100010
100012
100012
50461
50461
100014
100014
51221
51221
123962
123962
54417
54417
156886
156886
51232
51232
22091
22091
54492
54492
2220
2220
4568
4568
20854
20854
20285
20285
22051
22051
50450
50450
50510
50510
51158
51158
51160
51160
51161
51161
50590
50590
51440
51440
20706
20706
99985
99985
22053
22053
50446
50446
20352
20352
20711
20711
22060
22060
20508
20508
50519
50519
50514
50514
22228
22228
169441
169441
169442
169442
169443
169443
50508
50508
22193
22193
23550
23550
23551
23551
51462
51462
23838
23838
169445
169445
124141
124141
50707
50707
50710
50710
50715
50715
20757
20757
171914
171914
50506
50506
20747
20747
22055
22055
171920
171920
20265
20265
50693
50693
50433
50433
50595
50595
50596
50596
51471
51471
20801
20801
20803
20803
50415
50415
51442
51442
51356
51356
51410
51410
51354
51354
20745
20745
22214
22214
23730
23730
23731
23731
21829
21829
20676
20676
